compound,name,negative,neutral,positive,ticker
0.9996,REBGLO,0.074,0.817,0.109,DREAM
0.8696,REBGLO,0.066,0.845,0.089,DREAM
0.4602,REBGLO,0.066,0.863,0.07,DREAM
0.9921,REBGLO,0.012,0.861,0.127,DREAM
0.9971,REBGLO,0.027,0.815,0.157,DREAM
0.9975,REBGLO,0.008,0.831,0.16,DREAM
0.9603,REBGLO,0.021,0.843,0.135,DREAM
0.961,REBGLO,0.028,0.853,0.119,DREAM
0.9761,REBGLO,0.017,0.848,0.135,DREAM
1.0,REBGLO,0.026,0.707,0.267,DREAM
0.999,REBGLO,0.017,0.737,0.247,DREAM
0.999,REBGLO,0.017,0.733,0.25,DREAM
1.0,REBGLO,0.029,0.825,0.146,DREAM
0.9995,REBGLO,0.075,0.812,0.113,DREAM
0.9984,REBGLO,0.046,0.844,0.109,DREAM
0.9997,REBGLO,0.026,0.792,0.182,DREAM
0.9749,REBGLO,0.011,0.84,0.148,DREAM
0.9954,REBGLO,0.028,0.829,0.143,DREAM
0.9856,REBGLO,0.065,0.816,0.119,DREAM
0.9989,REBGLO,0.004,0.75,0.246,DREAM
0.9907,REBGLO,0.024,0.919,0.057,DREAM
0.3612,REBGLO,0.055,0.83,0.115,DREAM
1.0,REBGLO,0.054,0.795,0.151,DREAM
0.9909,REBGLO,0.033,0.827,0.14,DREAM
0.9452,REBGLO,0.035,0.819,0.146,DREAM
0.998,REBGLO,0.011,0.821,0.167,DREAM
0.9751,REBGLO,0.081,0.821,0.098,DREAM
0.9329,REBGLO,0.053,0.805,0.142,DREAM
0.9771,REBGLO,0.072,0.746,0.182,DREAM
0.9998,REBGLO,0.056,0.849,0.095,DREAM
-0.9999,REBGLO,0.12,0.792,0.088,DREAM
0.9511,REBGLO,0.099,0.798,0.103,DREAM
0.2054,REBGLO,0.081,0.84,0.079,DREAM
0.9975,REBGLO,0.048,0.725,0.227,DREAM
0.906,REBGLO,0.0,0.892,0.108,DREAM
0.9987,REBGLO,0.041,0.847,0.112,DREAM
0.9998,REBGLO,0.062,0.781,0.158,DREAM
0.9997,REBGLO,0.042,0.865,0.093,DREAM
0.6869,REBGLO,0.087,0.805,0.109,DREAM
0.694,REBGLO,0.092,0.787,0.121,DREAM
0.7308,REBGLO,0.055,0.847,0.098,DREAM
0.9957,REBGLO,0.014,0.846,0.14,DREAM
0.9466,REBGLO,0.05,0.856,0.094,DREAM
0.9898,REBGLO,0.041,0.867,0.092,DREAM
0.9463,REBGLO,0.014,0.829,0.157,DREAM
0.8286,REBGLO,0.044,0.904,0.052,DREAM
0.6705,REBGLO,0.0,0.766,0.234,DREAM
0.9182,REBGLO,0.026,0.786,0.188,DREAM
0.5446,REBGLO,0.051,0.877,0.072,DREAM
-0.8858,REBGLO,0.188,0.732,0.08,DREAM
0.9747,REBGLO,0.053,0.827,0.12,DREAM
0.7389,REBGLO,0.041,0.894,0.065,DREAM
0.5318,REBGLO,0.045,0.909,0.046,DREAM
0.25,REBGLO,0.0,0.667,0.333,DREAM
0.8582,REBGLO,0.054,0.864,0.082,DREAM
0.6435,REBGLO,0.046,0.847,0.108,DREAM
0.8582,REBGLO,0.054,0.863,0.083,DREAM
0.8582,REBGLO,0.054,0.863,0.083,DREAM
0.9995,REBGLO,0.057,0.812,0.131,DREAM
-0.1428,REBGLO,0.098,0.812,0.09,DREAM
0.9994,REBGLO,0.067,0.838,0.095,DREAM
0.7108,REBGLO,0.075,0.837,0.088,DREAM
0.9833,REBGLO,0.021,0.835,0.144,DREAM
-0.6486,REBGLO,0.139,0.79,0.071,DREAM
0.8347,REBGLO,0.038,0.908,0.054,DREAM
0.958,REBGLO,0.052,0.821,0.126,DREAM
0.9996,REBGLO,0.041,0.819,0.14,DREAM
-0.7364,REBGLO,0.093,0.811,0.096,DREAM
0.8791,REBGLO,0.059,0.846,0.095,DREAM
-0.2115,REBGLO,0.115,0.778,0.107,DREAM
-0.8375,REBGLO,0.1,0.833,0.067,DREAM
0.7296,REBGLO,0.043,0.909,0.048,DREAM
0.9996,REBGLO,0.041,0.819,0.14,DREAM
0.9965,REBGLO,0.075,0.674,0.251,DREAM
0.985,REBGLO,0.047,0.832,0.122,DREAM
-0.7412,REBGLO,0.153,0.736,0.111,DREAM
0.9886,REBGLO,0.059,0.764,0.177,DREAM
0.9998,REBGLO,0.037,0.865,0.099,DREAM
0.8989,REBGLO,0.071,0.828,0.101,DREAM
0.0,REBGLO,0.0,1.0,0.0,DREAM
0.9726,REBGLO,0.07,0.807,0.123,DREAM
0.9975,REBGLO,0.028,0.839,0.134,DREAM
-0.9739,REBGLO,0.082,0.837,0.081,DREAM
0.9809,REBGLO,0.05,0.855,0.095,DREAM
0.7667,REBGLO,0.032,0.894,0.074,DREAM
0.9657,REBGLO,0.07,0.81,0.119,DREAM
0.7278,REBGLO,0.031,0.869,0.099,DREAM
0.998,REBGLO,0.026,0.861,0.113,DREAM
0.983,REBGLO,0.056,0.815,0.129,DREAM
0.99,REBGLO,0.052,0.764,0.185,DREAM
-0.5621,REBGLO,0.101,0.789,0.11,DREAM
0.7506,REBGLO,0.0,0.842,0.158,DREAM
0.9874,REBGLO,0.045,0.793,0.162,DREAM
0.9934,REBGLO,0.042,0.788,0.169,DREAM
0.9799,REBGLO,0.069,0.798,0.133,DREAM
0.998,REBGLO,0.026,0.861,0.113,DREAM
-0.9888,REBGLO,0.098,0.807,0.095,DREAM
0.9958,REBGLO,0.043,0.88,0.077,DREAM
0.9987,REBGLO,0.025,0.872,0.103,DREAM
0.7883,REBGLO,0.038,0.834,0.128,DREAM
