compound,name,negative,neutral,positive,ticker
0.9972,REBGLO,0.022,0.895,0.083,SPEND
0.9996,REBGLO,0.074,0.817,0.109,SPEND
-0.9792,REBGLO,0.105,0.839,0.056,SPEND
0.9162,REBGLO,0.044,0.848,0.108,SPEND
0.7885,REBGLO,0.066,0.807,0.127,SPEND
0.9311,REBGLO,0.004,0.93,0.066,SPEND
0.9945,REBGLO,0.026,0.886,0.087,SPEND
0.9976,REBGLO,0.004,0.839,0.157,SPEND
0.9949,REBGLO,0.034,0.888,0.078,SPEND
0.9976,REBGLO,0.004,0.84,0.156,SPEND
-0.34,REBGLO,0.149,0.757,0.094,SPEND
0.6826,REBGLO,0.081,0.812,0.107,SPEND
0.9862,REBGLO,0.0,0.796,0.204,SPEND
0.6588,REBGLO,0.087,0.812,0.101,SPEND
1.0,REBGLO,0.014,0.782,0.205,SPEND
-1.0,REBGLO,0.153,0.766,0.081,SPEND
0.9997,REBGLO,0.021,0.851,0.128,SPEND
0.9999,REBGLO,0.015,0.856,0.128,SPEND
1.0,REBGLO,0.053,0.852,0.094,SPEND
1.0,REBGLO,0.065,0.821,0.114,SPEND
0.9944,REBGLO,0.024,0.877,0.1,SPEND
0.9864,REBGLO,0.03,0.899,0.071,SPEND
0.9864,REBGLO,0.029,0.901,0.069,SPEND
0.9768,REBGLO,0.016,0.846,0.138,SPEND
0.9317,REBGLO,0.0,0.921,0.079,SPEND
0.9991,REBGLO,0.028,0.806,0.166,SPEND
0.9081,REBGLO,0.0,0.91,0.09,SPEND
0.9873,REBGLO,0.022,0.826,0.152,SPEND
0.9635,REBGLO,0.074,0.767,0.158,SPEND
-0.1476,REBGLO,0.056,0.891,0.053,SPEND
0.9957,REBGLO,0.01,0.88,0.11,SPEND
0.9968,REBGLO,0.0,0.814,0.186,SPEND
0.9992,REBGLO,0.029,0.852,0.119,SPEND
0.9948,REBGLO,0.047,0.86,0.093,SPEND
0.9336,REBGLO,0.03,0.905,0.064,SPEND
-0.2853,REBGLO,0.092,0.807,0.1,SPEND
0.9988,REBGLO,0.046,0.831,0.123,SPEND
0.9154,REBGLO,0.051,0.871,0.078,SPEND
0.7479,REBGLO,0.045,0.882,0.073,SPEND
0.8861,REBGLO,0.0,0.906,0.094,SPEND
0.9664,REBGLO,0.015,0.902,0.083,SPEND
0.967,REBGLO,0.032,0.825,0.143,SPEND
0.9988,REBGLO,0.028,0.852,0.12,SPEND
0.9904,REBGLO,0.0,0.768,0.232,SPEND
0.997,REBGLO,0.004,0.827,0.168,SPEND
-0.6962,REBGLO,0.103,0.79,0.107,SPEND
0.6542,REBGLO,0.015,0.956,0.029,SPEND
0.9975,REBGLO,0.008,0.831,0.16,SPEND
0.6542,REBGLO,0.015,0.957,0.029,SPEND
0.9922,REBGLO,0.056,0.845,0.099,SPEND
0.9438,REBGLO,0.032,0.87,0.098,SPEND
0.8621,REBGLO,0.038,0.869,0.093,SPEND
0.2263,REBGLO,0.06,0.874,0.066,SPEND
-0.1476,REBGLO,0.056,0.891,0.053,SPEND
0.9978,REBGLO,0.032,0.805,0.162,SPEND
0.9992,REBGLO,0.037,0.843,0.12,SPEND
0.9991,REBGLO,0.038,0.84,0.122,SPEND
0.9864,REBGLO,0.031,0.897,0.072,SPEND
0.9946,REBGLO,0.024,0.872,0.103,SPEND
0.6542,REBGLO,0.016,0.954,0.03,SPEND
0.9979,REBGLO,0.015,0.902,0.083,SPEND
0.997,REBGLO,0.004,0.827,0.168,SPEND
0.9022,REBGLO,0.0,0.867,0.133,SPEND
-0.0,REBGLO,0.066,0.848,0.086,SPEND
0.9937,REBGLO,0.039,0.874,0.087,SPEND
0.9995,REBGLO,0.075,0.812,0.113,SPEND
0.9906,REBGLO,0.0,0.837,0.163,SPEND
0.9994,REBGLO,0.027,0.76,0.213,SPEND
0.9939,REBGLO,0.039,0.873,0.088,SPEND
0.88,REBGLO,0.022,0.917,0.061,SPEND
0.6542,REBGLO,0.016,0.954,0.03,SPEND
0.9903,REBGLO,0.03,0.86,0.11,SPEND
0.903,REBGLO,0.02,0.887,0.093,SPEND
0.9959,REBGLO,0.022,0.85,0.128,SPEND
0.9979,REBGLO,0.023,0.86,0.117,SPEND
0.9887,REBGLO,0.062,0.837,0.101,SPEND
0.9975,REBGLO,0.026,0.868,0.106,SPEND
0.7003,REBGLO,0.047,0.848,0.105,SPEND
-0.3786,REBGLO,0.116,0.82,0.064,SPEND
0.0,REBGLO,0.0,1.0,0.0,SPEND
-0.0772,REBGLO,0.048,0.895,0.057,SPEND
0.9565,REBGLO,0.051,0.751,0.197,SPEND
0.9638,REBGLO,0.017,0.901,0.082,SPEND
0.9638,REBGLO,0.017,0.901,0.082,SPEND
0.9996,REBGLO,0.018,0.769,0.213,SPEND
0.9951,REBGLO,0.014,0.872,0.114,SPEND
0.8176,REBGLO,0.091,0.674,0.235,SPEND
0.9941,REBGLO,0.032,0.833,0.136,SPEND
1.0,REBGLO,0.027,0.826,0.147,SPEND
0.9922,REBGLO,0.004,0.869,0.127,SPEND
0.3716,REBGLO,0.025,0.945,0.03,SPEND
-0.9807,REBGLO,0.17,0.744,0.086,SPEND
0.9174,REBGLO,0.05,0.782,0.168,SPEND
0.983,REBGLO,0.059,0.846,0.095,SPEND
0.9888,REBGLO,0.018,0.855,0.127,SPEND
0.9907,REBGLO,0.024,0.741,0.235,SPEND
0.9959,REBGLO,0.022,0.85,0.128,SPEND
0.9956,REBGLO,0.017,0.912,0.072,SPEND
0.9932,REBGLO,0.028,0.872,0.1,SPEND
0.6893,REBGLO,0.06,0.816,0.124,SPEND
