compound,name,negative,neutral,positive,ticker
0.9994,REBGLO,0.009,0.938,0.053,TrueCoin
0.9966,REBGLO,0.067,0.754,0.179,TrueCoin
0.9842,REBGLO,0.022,0.89,0.088,TrueCoin
0.9413,REBGLO,0.011,0.949,0.04,TrueCoin
0.919,REBGLO,0.05,0.835,0.115,TrueCoin
0.6224,REBGLO,0.083,0.806,0.111,TrueCoin
0.9794,REBGLO,0.049,0.891,0.06,TrueCoin
0.9985,REBGLO,0.029,0.807,0.164,TrueCoin
0.9413,REBGLO,0.011,0.949,0.04,TrueCoin
0.9413,REBGLO,0.011,0.949,0.04,TrueCoin
0.9948,REBGLO,0.047,0.86,0.093,TrueCoin
0.6031,REBGLO,0.083,0.819,0.097,TrueCoin
0.9995,REBGLO,0.075,0.812,0.113,TrueCoin
0.9454,REBGLO,0.043,0.798,0.159,TrueCoin
-0.9994,REBGLO,0.12,0.817,0.063,TrueCoin
0.9979,REBGLO,0.003,0.761,0.236,TrueCoin
0.9881,REBGLO,0.113,0.761,0.127,TrueCoin
-0.8834,REBGLO,0.137,0.78,0.082,TrueCoin
0.996,REBGLO,0.03,0.877,0.093,TrueCoin
0.7259,REBGLO,0.061,0.844,0.095,TrueCoin
0.9694,REBGLO,0.04,0.864,0.096,TrueCoin
0.3612,REBGLO,0.0,0.945,0.055,TrueCoin
0.9999,REBGLO,0.027,0.794,0.179,TrueCoin
0.9759,REBGLO,0.036,0.889,0.074,TrueCoin
-0.9785,REBGLO,0.127,0.76,0.114,TrueCoin
0.9413,REBGLO,0.011,0.949,0.04,TrueCoin
0.9992,REBGLO,0.031,0.828,0.141,TrueCoin
0.9213,REBGLO,0.056,0.835,0.109,TrueCoin
0.8515,REBGLO,0.047,0.845,0.108,TrueCoin
0.7615,REBGLO,0.023,0.93,0.047,TrueCoin
0.9893,REBGLO,0.065,0.818,0.117,TrueCoin
0.9888,REBGLO,0.015,0.872,0.113,TrueCoin
-0.9999,REBGLO,0.139,0.774,0.086,TrueCoin
0.9807,REBGLO,0.004,0.851,0.145,TrueCoin
0.9874,REBGLO,0.077,0.789,0.133,TrueCoin
0.9887,REBGLO,0.079,0.791,0.13,TrueCoin
0.8868,REBGLO,0.015,0.95,0.036,TrueCoin
0.9984,REBGLO,0.006,0.813,0.181,TrueCoin
0.9902,REBGLO,0.076,0.785,0.139,TrueCoin
0.9981,REBGLO,0.015,0.95,0.035,TrueCoin
-0.865,REBGLO,0.229,0.691,0.08,TrueCoin
-0.9873,REBGLO,0.112,0.83,0.058,TrueCoin
0.3753,REBGLO,0.0,0.994,0.006,TrueCoin
0.9756,REBGLO,0.043,0.869,0.088,TrueCoin
-0.9785,REBGLO,0.127,0.76,0.114,TrueCoin
0.9884,REBGLO,0.039,0.821,0.141,TrueCoin
0.9856,REBGLO,0.043,0.841,0.116,TrueCoin
-0.126,REBGLO,0.123,0.747,0.131,TrueCoin
0.9997,REBGLO,0.116,0.664,0.22,TrueCoin
-0.9719,REBGLO,0.117,0.836,0.047,TrueCoin
0.9944,REBGLO,0.092,0.794,0.114,TrueCoin
0.9034,REBGLO,0.028,0.938,0.034,TrueCoin
0.9996,REBGLO,0.041,0.819,0.14,TrueCoin
-0.6338,REBGLO,0.174,0.77,0.057,TrueCoin
0.7802,REBGLO,0.014,0.968,0.018,TrueCoin
0.9996,REBGLO,0.041,0.819,0.14,TrueCoin
0.9925,REBGLO,0.024,0.9,0.077,TrueCoin
0.8769,REBGLO,0.124,0.654,0.223,TrueCoin
0.9992,REBGLO,0.028,0.856,0.116,TrueCoin
0.9842,REBGLO,0.01,0.971,0.019,TrueCoin
0.714,REBGLO,0.051,0.835,0.114,TrueCoin
0.9856,REBGLO,0.043,0.841,0.116,TrueCoin
0.9999,REBGLO,0.028,0.789,0.183,TrueCoin
0.9669,REBGLO,0.015,0.881,0.104,TrueCoin
-0.9739,REBGLO,0.082,0.837,0.081,TrueCoin
0.9937,REBGLO,0.059,0.805,0.135,TrueCoin
0.9948,REBGLO,0.059,0.805,0.136,TrueCoin
0.9829,REBGLO,0.018,0.873,0.109,TrueCoin
0.8779,REBGLO,0.02,0.902,0.078,TrueCoin
0.9999,REBGLO,0.026,0.829,0.145,TrueCoin
0.9472,REBGLO,0.092,0.766,0.142,TrueCoin
1.0,REBGLO,0.029,0.784,0.188,TrueCoin
-0.3094,REBGLO,0.007,0.993,0.0,TrueCoin
-0.5621,REBGLO,0.101,0.789,0.11,TrueCoin
0.8779,REBGLO,0.02,0.903,0.078,TrueCoin
0.9948,REBGLO,0.059,0.806,0.135,TrueCoin
0.9948,REBGLO,0.059,0.806,0.135,TrueCoin
0.9952,REBGLO,0.043,0.85,0.108,TrueCoin
0.9988,REBGLO,0.079,0.762,0.159,TrueCoin
-0.9993,REBGLO,0.178,0.755,0.067,TrueCoin
0.765,REBGLO,0.03,0.898,0.071,TrueCoin
0.9937,REBGLO,0.059,0.805,0.136,TrueCoin
0.8779,REBGLO,0.02,0.903,0.078,TrueCoin
1.0,REBGLO,0.024,0.786,0.19,TrueCoin
0.9679,REBGLO,0.032,0.845,0.123,TrueCoin
0.7621,REBGLO,0.115,0.765,0.12,TrueCoin
-0.3462,REBGLO,0.133,0.776,0.091,TrueCoin
0.8708,REBGLO,0.033,0.785,0.182,TrueCoin
0.3919,REBGLO,0.0,0.982,0.018,TrueCoin
-0.8932,REBGLO,0.022,0.956,0.022,TrueCoin
0.9319,REBGLO,0.073,0.727,0.2,TrueCoin
0.9936,REBGLO,0.066,0.844,0.089,TrueCoin
0.9806,REBGLO,0.016,0.791,0.193,TrueCoin
0.9942,REBGLO,0.014,0.837,0.149,TrueCoin
0.3182,REBGLO,0.0,0.953,0.047,TrueCoin
0.9989,REBGLO,0.07,0.798,0.133,TrueCoin
0.3286,REBGLO,0.081,0.828,0.091,TrueCoin
0.466,REBGLO,0.035,0.922,0.043,TrueCoin
0.9999,REBGLO,0.021,0.867,0.112,TrueCoin
